010920153
000540088
096090005
001040067
040050281
010640286
010270294
096430017
036360071
061210059
020220200
096460018
085850101
054180079
030490127
005940193
096250018
022360350
096250011
096190002
000540130
096090021
096340018
014190060
010330197
021680249
026210213
013720198
030830004
096060017
022080202
024270051
020360131
001040100
020890260
096160017
030020012
022080204
013620137
024500156
000060082
030210118
096450013
010270356
008130153
065040044
029810147
054140021
096140011
000480136
096160006
022080186
096040014
011970081
022510190
020340071
054010148
096040018
001030061
096460003
096110003
013620175
021290326
026210132
024270292
054080008
027990330
022420164
080570067
024500228
022420073
030830147
085850094
010270124
020610207
096140019
096340019
021790083
010270140
054240038
007390355
020590047
022360186
030210137
096450008
026210262
020340113
034230083
054080150
070010017
096110012
000530055
001040073
096070023
030210044
096430012
061210174
010640166
030200101
030830124
021680154
022440073
090340114
021680288
010640250
096040023
000360343
010270198
010330085
004820005
022420273
020890112
060100037
096150009
008130380
096040001
000530037
030680092
054140051
030210005
096040010
007390072
030200018
010120212
096130017
022820106
004820114
001040022
000530109
030830030
027990066
020340056
030680056
010330325
069120165
001350134
055510088
030230209
030230311
096000020
020220221
010420105
009600337
064010057
090340054
096000005
011970165
051950044
000060056
060100128
000050047
096150006
010330139
014350165
096110006
024270176
038370052
080570087
010420143
095560051
030460106
090700042
054140077
010640005
010420025
096040011
001030099
024300189
013360234
001450159
095560005
096390013
000560017
096000004
096340016
030200005
020610302
000010063
020890371
032080019
029810216
013620292
010420151
096390007
000560068
096280020
054240138
096150026
054240048
000360241
012600177
024020253
013620162
034230141
096070019
001310152
010290096
030210047
065040077
096490005
060480145
075510041
020890156
036360061
012600252
014180044
000260001
013720153
027990328
010440006
096160010
000050055
027990167
005600154
004820045
096280030
096390002
013620027
022510093
010330026
014070217
009600127
022360265
029810158
012030055
024020256
064010120
021790055
030020065
022080100
013720201
004820329
022080179
069120003
000530076
010640210
010920138
001310129
020610061
021290011
010120208
075510099
012600357
021680122
030490126
000060049
000540127
064010066
070010009
009600062
020890326
013720256
001030013
014350012
013720215
014070308
009600270
022420045
000260126
085850088
060480147
030490166
013620108
096390017
096150005
069120123
001310096
096090014
014190172
010420034
000360036
021680369
096140016
096160014
010330033
064010103
026210287
010420022
023800363
020890215
010330103
012600263
022820042
000360332
022440126
030680090
026210231
030020008
022420362
085850039
010120243
090340168
096110023
000060083
000540001
000060106
096240008
013720070
036360034
021700077
